micro-f1:0.7298787210584344
macro-f1:0.455239229933834